
 
 GBM STEP - version 2.9 
 
Performing cross-validation optimisation of a boosted regression tree model 
for Score and using a family of gaussian 
Using 6455 observations and 17 predictors 
creating 10 initial models of 100 trees 

 folds are unstratified 
total mean deviance =  0.0554 
tolerance is fixed at  1e-04 
ntrees resid. dev. 
100    0.0478 
now adding trees... 
200   0.0441 
300   0.0421 
400   0.0409 
500   0.0402 
600   0.0397 
700   0.0394 
800   0.0391 
900   0.0388 
1000   0.0386 
1100   0.0384 
1200   0.0382 
1300   0.038 
1400   0.0379 
1500   0.0377 
1600   0.0376 
1700   0.0374 
1800   0.0373 
1900   0.0372 
2000   0.0371 
2100   0.037 
2200   0.0369 
2300   0.0368 
2400   0.0367 
2500   0.0366 
2600   0.0365 
2700   0.0364 
2800   0.0364 
2900   0.0363 
3000   0.0362 
3100   0.0361 
3200   0.0361 
3300   0.036 
3400   0.0359 
3500   0.0358 
3600   0.0358 
3700   0.0357 
3800   0.0357 
3900   0.0356 
4000   0.0355 
4100   0.0355 
4200   0.0354 
4300   0.0354 
4400   0.0353 
4500   0.0353 
4600   0.0352 
4700   0.0352 
4800   0.0351 
4900   0.0351 
5000   0.035 
5100   0.035 
5200   0.0349 
5300   0.0349 
5400   0.0349 
5500   0.0348 
5600   0.0348 
5700   0.0347 
5800   0.0347 
5900   0.0346 
6000   0.0346 
6100   0.0346 
6200   0.0345 
6300   0.0345 
6400   0.0345 
6500   0.0344 
6600   0.0344 
6700   0.0343 
6800   0.0343 
6900   0.0343 
7000   0.0342 
7100   0.0342 
7200   0.0342 
7300   0.0341 
7400   0.0341 
7500   0.0341 
7600   0.034 
7700   0.034 
7800   0.034 
7900   0.034 
8000   0.0339 
8100   0.0339 
8200   0.0339 
8300   0.0339 
8400   0.0338 
8500   0.0338 
8600   0.0338 
8700   0.0337 
8800   0.0337 
8900   0.0337 
9000   0.0337 
9100   0.0337 
9200   0.0336 
9300   0.0336 
9400   0.0336 
9500   0.0336 
9600   0.0335 
9700   0.0335 
9800   0.0335 
9900   0.0335 
10000   0.0334 
10100   0.0334 
10200   0.0334 
10300   0.0334 
10400   0.0333 
10500   0.0333 
10600   0.0333 
10700   0.0333 
10800   0.0333 
10900   0.0332 
11000   0.0332 
11100   0.0332 
11200   0.0332 
11300   0.0332 
11400   0.0332 
11500   0.0331 
11600   0.0331 
11700   0.0331 
11800   0.0331 
11900   0.0331 
12000   0.033 
12100   0.033 
12200   0.033 
12300   0.033 
12400   0.033 
12500   0.033 
12600   0.0329 
12700   0.0329 
12800   0.0329 
12900   0.0329 
13000   0.0329 
13100   0.0329 
13200   0.0328 
13300   0.0328 
13400   0.0328 
13500   0.0328 
13600   0.0328 
13700   0.0328 
13800   0.0328 
13900   0.0327 
14000   0.0327 
14100   0.0327 
14200   0.0327 
14300   0.0327 
14400   0.0327 
14500   0.0327 
14600   0.0326 
14700   0.0326 
14800   0.0326 
14900   0.0326 
15000   0.0326 
15100   0.0326 
15200   0.0326 
15300   0.0325 
15400   0.0325 
15500   0.0325 
15600   0.0325 
15700   0.0325 
15800   0.0325 
15900   0.0325 
16000   0.0325 
16100   0.0324 
16200   0.0324 
16300   0.0324 
16400   0.0324 
16500   0.0324 
16600   0.0324 
16700   0.0324 
16800   0.0324 
16900   0.0324 
17000   0.0323 
17100   0.0323 
17200   0.0323 
17300   0.0323 
17400   0.0323 
17500   0.0323 
17600   0.0323 
17700   0.0323 
17800   0.0323 
17900   0.0322 
18000   0.0322 
18100   0.0322 
18200   0.0322 
18300   0.0322 
18400   0.0322 
18500   0.0322 
18600   0.0322 
18700   0.0322 
18800   0.0322 
18900   0.0321 
19000   0.0321 
19100   0.0321 
19200   0.0321 
19300   0.0321 
19400   0.0321 
19500   0.0321 
19600   0.0321 
19700   0.0321 
19800   0.0321 
19900   0.032 
20000   0.032 
20100   0.032 
20200   0.032 
20300   0.032 
20400   0.032 
20500   0.032 
20600   0.032 
20700   0.032 
20800   0.032 
20900   0.0319 
21000   0.0319 
21100   0.0319 
21200   0.0319 
21300   0.0319 
21400   0.0319 
21500   0.0319 
21600   0.0319 
21700   0.0319 
21800   0.0319 
21900   0.0319 
22000   0.0319 
22100   0.0319 
22200   0.0318 
22300   0.0318 
22400   0.0318 
22500   0.0318 
22600   0.0318 
22700   0.0318 
22800   0.0318 
22900   0.0318 
23000   0.0318 
23100   0.0318 
23200   0.0318 
23300   0.0318 
23400   0.0318 
23500   0.0318 
23600   0.0318 
23700   0.0317 
23800   0.0317 
23900   0.0317 
24000   0.0317 
24100   0.0317 
24200   0.0317 
24300   0.0317 
24400   0.0317 
24500   0.0317 
24600   0.0317 
24700   0.0317 
24800   0.0317 
24900   0.0317 
25000   0.0317 
25100   0.0316 
25200   0.0316 
25300   0.0316 
25400   0.0316 
25500   0.0316 
25600   0.0316 
25700   0.0316 
25800   0.0316 
25900   0.0316 
26000   0.0316 
26100   0.0316 
26200   0.0316 
26300   0.0316 
26400   0.0316 
26500   0.0315 
26600   0.0315 
26700   0.0315 
26800   0.0315 
26900   0.0315 
27000   0.0315 
27100   0.0315 
27200   0.0315 
27300   0.0315 
27400   0.0315 
27500   0.0315 
27600   0.0315 
27700   0.0315 
27800   0.0315 
27900   0.0315 
28000   0.0314 
28100   0.0314 
28200   0.0314 
28300   0.0314 
28400   0.0314 
28500   0.0314 
28600   0.0314 
28700   0.0314 
28800   0.0314 
28900   0.0314 
29000   0.0314 
29100   0.0314 
29200   0.0314 
29300   0.0314 
29400   0.0314 
29500   0.0314 

mean total deviance = 0.055 
mean residual deviance = 0.01 
 
estimated cv deviance = 0.031 ; se = 0.001 
 
training data correlation = 0.927 
cv correlation =  0.659 ; se = 0.007 
 
elapsed time -  0.68 minutes 

Best parameters for GBM.STEP:


 
 GBM STEP - version 2.9 
 
Performing cross-validation optimisation of a boosted regression tree model 
for Score and using a family of gaussian 
Using 1291 observations and 60 predictors 
creating 10 initial models of 100 trees 

 folds are unstratified 
total mean deviance =  0.0554 
tolerance is fixed at  1e-04 
ntrees resid. dev. 
100    0.0469 
now adding trees... 
200   0.0421 
300   0.0394 
400   0.0377 
500   0.0368 
600   0.0361 
700   0.0357 
800   0.0355 
900   0.0353 
1000   0.0351 
1100   0.035 
1200   0.0349 
1300   0.0348 
1400   0.0347 
1500   0.0347 
1600   0.0346 
1700   0.0346 
1800   0.0345 
1900   0.0345 
2000   0.0344 
2100   0.0344 
2200   0.0343 
2300   0.0343 
2400   0.0342 
2500   0.0341 
2600   0.0341 
2700   0.034 
2800   0.034 
2900   0.034 
3000   0.034 
3100   0.0339 
3200   0.0339 
3300   0.0339 
3400   0.0338 
3500   0.0338 
3600   0.0338 
3700   0.0338 
3800   0.0338 
3900   0.0337 
4000   0.0337 
4100   0.0337 
4200   0.0337 
4300   0.0337 
4400   0.0337 
4500   0.0337 
4600   0.0337 
4700   0.0337 
4800   0.0336 
4900   0.0336 
5000   0.0336 
5100   0.0336 
5200   0.0336 
5300   0.0336 
5400   0.0336 
5500   0.0336 
5600   0.0336 
5700   0.0336 
5800   0.0336 
5900   0.0336 
6000   0.0336 
6100   0.0336 
6200   0.0336 
6300   0.0336 
6400   0.0336 
6500   0.0336 

mean total deviance = 0.055 
mean residual deviance = 0.012 
 
estimated cv deviance = 0.034 ; se = 0.001 
 
training data correlation = 0.901 
cv correlation =  0.63 ; se = 0.015 
 
elapsed time -  0.09 minutes 

Best parameters for GBM.STEP:

